% LEGEND
% ------
% 1st columns: x coordinate of the point (m)
% 2nd columns: y coordinate of the point (m)
% 3rd columns: z coordinate of the point (m)
% 4th columns: x component of the B-field (T)
% 5th columns: y component of the B-field (T)
% 6th columns: z component of the B-field (T)
% ------
   2.0000000e-01  -1.5000000e-01  -1.5000000e-01  -2.1400000e-07   4.5000000e-07   4.3700000e-07
   2.0000000e-01  -5.0000000e-02  -1.5000000e-01  -5.9700000e-07   2.8000000e-07   8.4300000e-07
   2.0000000e-01   5.0000000e-02  -1.5000000e-01  -6.0100000e-07  -2.6300000e-07   8.3400000e-07
   2.0000000e-01   1.5000000e-01  -1.5000000e-01  -2.3200000e-07  -4.0200000e-07   4.4400000e-07
   3.0000000e-01  -1.5000000e-01  -1.5000000e-01  -2.0800000e-07   2.1000000e-07   2.0500000e-07
   3.0000000e-01  -5.0000000e-02  -1.5000000e-01  -3.5300000e-07   1.1200000e-07   2.9500000e-07
   3.0000000e-01   5.0000000e-02  -1.5000000e-01  -3.4900000e-07  -1.0400000e-07   2.9300000e-07
   3.0000000e-01   1.5000000e-01  -1.5000000e-01  -2.0800000e-07  -2.0600000e-07   2.0500000e-07
   4.0000000e-01  -1.5000000e-01  -1.5000000e-01  -1.4400000e-07   9.5000000e-08   9.0000000e-08
   4.0000000e-01  -5.0000000e-02  -1.5000000e-01  -2.0600000e-07   3.7000000e-08   1.2600000e-07
   4.0000000e-01   5.0000000e-02  -1.5000000e-01  -2.0700000e-07  -4.6000000e-08   1.1800000e-07
   4.0000000e-01   1.5000000e-01  -1.5000000e-01  -1.5200000e-07  -9.2000000e-08   1.0600000e-07
   5.0000000e-01  -1.5000000e-01  -1.5000000e-01  -9.7000000e-08   4.8000000e-08   4.8000000e-08
   5.0000000e-01  -5.0000000e-02  -1.5000000e-01  -1.2800000e-07   2.2000000e-08   6.3000000e-08
   5.0000000e-01   5.0000000e-02  -1.5000000e-01  -1.2700000e-07  -2.2000000e-08   6.1000000e-08
   5.0000000e-01   1.5000000e-01  -1.5000000e-01  -9.9000000e-08  -5.1000000e-08   5.4000000e-08
   2.0000000e-01  -1.5000000e-01  -5.0000000e-02  -5.7400000e-07   8.4100000e-07   2.6900000e-07
   2.0000000e-01  -5.0000000e-02  -5.0000000e-02  -1.5520000e-06   5.5600000e-07   5.5900000e-07
   2.0000000e-01   5.0000000e-02  -5.0000000e-02  -1.6510000e-06  -5.5800000e-07   5.8200000e-07
   2.0000000e-01   1.5000000e-01  -5.0000000e-02  -5.5400000e-07  -8.0600000e-07   2.6300000e-07
   3.0000000e-01  -1.5000000e-01  -5.0000000e-02  -3.5900000e-07   2.9300000e-07   9.6000000e-08
   3.0000000e-01  -5.0000000e-02  -5.0000000e-02  -5.9200000e-07   1.6900000e-07   1.3600000e-07
   3.0000000e-01   5.0000000e-02  -5.0000000e-02  -5.9200000e-07  -1.4100000e-07   1.3300000e-07
   3.0000000e-01   1.5000000e-01  -5.0000000e-02  -3.5800000e-07  -2.9200000e-07   9.7000000e-08
   4.0000000e-01  -1.5000000e-01  -5.0000000e-02  -2.0200000e-07   1.3300000e-07   4.5000000e-08
   4.0000000e-01  -5.0000000e-02  -5.0000000e-02  -2.8600000e-07   6.2000000e-08   5.2000000e-08
   4.0000000e-01   5.0000000e-02  -5.0000000e-02  -2.8400000e-07  -6.1000000e-08   4.9000000e-08
   4.0000000e-01   1.5000000e-01  -5.0000000e-02  -1.9700000e-07  -1.2700000e-07   3.7000000e-08
   5.0000000e-01  -1.5000000e-01  -5.0000000e-02  -1.1100000e-07   6.5000000e-08   2.1000000e-08
   5.0000000e-01  -5.0000000e-02  -5.0000000e-02  -1.4800000e-07   2.1000000e-08   2.4000000e-08
   5.0000000e-01   5.0000000e-02  -5.0000000e-02  -1.5400000e-07  -2.6000000e-08   2.1000000e-08
   5.0000000e-01   1.5000000e-01  -5.0000000e-02  -1.1300000e-07  -5.5000000e-08   2.2000000e-08
   2.0000000e-01  -1.5000000e-01   5.0000000e-02  -5.9900000e-07   7.9600000e-07  -2.7100000e-07
   2.0000000e-01  -5.0000000e-02   5.0000000e-02  -1.5800000e-06   5.8600000e-07  -5.6800000e-07
   2.0000000e-01   5.0000000e-02   5.0000000e-02  -1.5700000e-06  -5.6500000e-07  -5.5400000e-07
   2.0000000e-01   1.5000000e-01   5.0000000e-02  -5.5900000e-07  -7.9500000e-07  -2.6300000e-07
   3.0000000e-01  -1.5000000e-01   5.0000000e-02  -3.4400000e-07   2.8600000e-07  -1.1400000e-07
   3.0000000e-01  -5.0000000e-02   5.0000000e-02  -5.9500000e-07   1.5400000e-07  -1.5300000e-07
   3.0000000e-01   5.0000000e-02   5.0000000e-02  -6.2300000e-07  -1.5500000e-07  -1.4800000e-07
   3.0000000e-01   1.5000000e-01   5.0000000e-02  -3.5700000e-07  -2.9400000e-07  -9.2000000e-08
   4.0000000e-01  -1.5000000e-01   5.0000000e-02  -2.0200000e-07   1.3100000e-07  -4.5000000e-08
   4.0000000e-01  -5.0000000e-02   5.0000000e-02  -2.8400000e-07   6.1000000e-08  -5.6000000e-08
   4.0000000e-01   5.0000000e-02   5.0000000e-02  -2.8600000e-07  -5.8000000e-08  -5.8000000e-08
   4.0000000e-01   1.5000000e-01   5.0000000e-02  -1.9500000e-07  -1.3600000e-07  -4.3000000e-08
   5.0000000e-01  -1.5000000e-01   5.0000000e-02  -1.0800000e-07   5.5000000e-08  -2.2000000e-08
   5.0000000e-01  -5.0000000e-02   5.0000000e-02  -1.5400000e-07   2.3000000e-08  -2.6000000e-08
   5.0000000e-01   5.0000000e-02   5.0000000e-02  -1.5300000e-07  -2.7000000e-08  -2.6000000e-08
   5.0000000e-01   1.5000000e-01   5.0000000e-02  -1.1300000e-07  -6.6000000e-08  -1.9000000e-08
   2.0000000e-01  -1.5000000e-01   1.5000000e-01  -2.0800000e-07   4.5100000e-07  -4.4400000e-07
   2.0000000e-01  -5.0000000e-02   1.5000000e-01  -5.9300000e-07   2.7200000e-07  -8.2600000e-07
   2.0000000e-01   5.0000000e-02   1.5000000e-01  -5.6500000e-07  -2.7700000e-07  -8.4500000e-07
   2.0000000e-01   1.5000000e-01   1.5000000e-01  -2.1000000e-07  -4.4700000e-07  -4.4100000e-07
   3.0000000e-01  -1.5000000e-01   1.5000000e-01  -2.1400000e-07   2.0400000e-07  -2.0800000e-07
   3.0000000e-01  -5.0000000e-02   1.5000000e-01  -3.6400000e-07   8.6000000e-08  -2.9400000e-07
   3.0000000e-01   5.0000000e-02   1.5000000e-01  -3.5500000e-07  -9.2000000e-08  -2.9400000e-07
   3.0000000e-01   1.5000000e-01   1.5000000e-01  -2.1800000e-07  -1.9500000e-07  -2.0500000e-07
   4.0000000e-01  -1.5000000e-01   1.5000000e-01  -1.4600000e-07   9.1000000e-08  -1.0400000e-07
   4.0000000e-01  -5.0000000e-02   1.5000000e-01  -2.0800000e-07   4.6000000e-08  -1.3600000e-07
   4.0000000e-01   5.0000000e-02   1.5000000e-01  -2.0300000e-07  -3.9000000e-08  -1.3100000e-07
   4.0000000e-01   1.5000000e-01   1.5000000e-01  -1.4300000e-07  -8.9000000e-08  -9.9000000e-08
   5.0000000e-01  -1.5000000e-01   1.5000000e-01  -9.5000000e-08   5.7000000e-08  -5.2000000e-08
   5.0000000e-01  -5.0000000e-02   1.5000000e-01  -1.1400000e-07   1.7000000e-08  -6.6000000e-08
   5.0000000e-01   5.0000000e-02   1.5000000e-01  -1.2000000e-07  -2.2000000e-08  -6.1000000e-08
   5.0000000e-01   1.5000000e-01   1.5000000e-01  -9.0000000e-08  -5.7000000e-08  -5.3000000e-08
