% LEGEND
% ------
% 1st columns: x coordinate of the point (m)
% 2nd columns: y coordinate of the point (m)
% 3rd columns: z coordinate of the point (m)
% 4th columns: x component of the B-field (T)
% 5th columns: y component of the B-field (T)
% 6th columns: z component of the B-field (T)
% ------
   2.0000000e-01  -1.5000000e-01  -1.5000000e-01  -2.1400000e-07   4.5000000e-07   4.3700000e-07
   2.0000000e-01  -1.0000000e-01  -1.5000000e-01  -3.9900000e-07   4.3100000e-07   6.5000000e-07
   2.0000000e-01  -5.0000000e-02  -1.5000000e-01  -5.9700000e-07   2.8000000e-07   8.4300000e-07
   2.0000000e-01   0.0000000e+00  -1.5000000e-01  -6.6600000e-07  -1.6000000e-08   8.9500000e-07
   2.0000000e-01   5.0000000e-02  -1.5000000e-01  -6.0100000e-07  -2.6300000e-07   8.3400000e-07
   2.0000000e-01   1.0000000e-01  -1.5000000e-01  -3.7300000e-07  -4.2500000e-07   6.4600000e-07
   2.0000000e-01   1.5000000e-01  -1.5000000e-01  -2.3200000e-07  -4.0200000e-07   4.4400000e-07
   2.5000000e-01  -1.5000000e-01  -1.5000000e-01  -2.3600000e-07   3.0300000e-07   3.0400000e-07
   2.5000000e-01  -1.0000000e-01  -1.5000000e-01  -3.7500000e-07   2.6800000e-07   4.0300000e-07
   2.5000000e-01  -5.0000000e-02  -1.5000000e-01  -4.7800000e-07   1.6700000e-07   4.9600000e-07
   2.5000000e-01   0.0000000e+00  -1.5000000e-01  -5.0700000e-07   2.0000000e-09   5.1100000e-07
   2.5000000e-01   5.0000000e-02  -1.5000000e-01  -4.4400000e-07  -1.7300000e-07   4.8500000e-07
   2.5000000e-01   1.0000000e-01  -1.5000000e-01  -3.6600000e-07  -2.8000000e-07   3.9700000e-07
   2.5000000e-01   1.5000000e-01  -1.5000000e-01  -2.3400000e-07  -3.0400000e-07   3.1900000e-07
   3.0000000e-01  -1.5000000e-01  -1.5000000e-01  -2.0800000e-07   2.1000000e-07   2.0500000e-07
   3.0000000e-01  -1.0000000e-01  -1.5000000e-01  -2.9800000e-07   1.6800000e-07   2.5100000e-07
   3.0000000e-01  -5.0000000e-02  -1.5000000e-01  -3.5300000e-07   1.1200000e-07   2.9500000e-07
   3.0000000e-01   0.0000000e+00  -1.5000000e-01  -3.8000000e-07  -1.0000000e-09   3.0700000e-07
   3.0000000e-01   5.0000000e-02  -1.5000000e-01  -3.4900000e-07  -1.0400000e-07   2.9300000e-07
   3.0000000e-01   1.0000000e-01  -1.5000000e-01  -3.0000000e-07  -1.7200000e-07   2.4800000e-07
   3.0000000e-01   1.5000000e-01  -1.5000000e-01  -2.0800000e-07  -2.0600000e-07   2.0500000e-07
   3.5000000e-01  -1.5000000e-01  -1.5000000e-01  -1.8600000e-07   1.3900000e-07   1.5300000e-07
   3.5000000e-01  -1.0000000e-01  -1.5000000e-01  -2.3600000e-07   1.2400000e-07   1.7100000e-07
   3.5000000e-01  -5.0000000e-02  -1.5000000e-01  -2.6300000e-07   5.4000000e-08   1.9100000e-07
   3.5000000e-01   0.0000000e+00  -1.5000000e-01  -2.6800000e-07  -1.0000000e-09   1.9100000e-07
   3.5000000e-01   5.0000000e-02  -1.5000000e-01  -2.8200000e-07  -7.0000000e-08   1.9100000e-07
   3.5000000e-01   1.0000000e-01  -1.5000000e-01  -2.2500000e-07  -1.2300000e-07   1.6100000e-07
   3.5000000e-01   1.5000000e-01  -1.5000000e-01  -1.8500000e-07  -1.3700000e-07   1.2900000e-07
   4.0000000e-01  -1.5000000e-01  -1.5000000e-01  -1.4400000e-07   9.5000000e-08   9.0000000e-08
   4.0000000e-01  -1.0000000e-01  -1.5000000e-01  -1.8700000e-07   8.8000000e-08   1.2200000e-07
   4.0000000e-01  -5.0000000e-02  -1.5000000e-01  -2.0600000e-07   3.7000000e-08   1.2600000e-07
   4.0000000e-01   0.0000000e+00  -1.5000000e-01  -2.0400000e-07   1.0000000e-09   1.3100000e-07
   4.0000000e-01   5.0000000e-02  -1.5000000e-01  -2.0700000e-07  -4.6000000e-08   1.1800000e-07
   4.0000000e-01   1.0000000e-01  -1.5000000e-01  -1.7800000e-07  -7.2000000e-08   1.1900000e-07
   4.0000000e-01   1.5000000e-01  -1.5000000e-01  -1.5200000e-07  -9.2000000e-08   1.0600000e-07
   4.5000000e-01  -1.5000000e-01  -1.5000000e-01  -1.0800000e-07   6.8000000e-08   7.8000000e-08
   4.5000000e-01  -1.0000000e-01  -1.5000000e-01  -1.4500000e-07   5.3000000e-08   8.2000000e-08
   4.5000000e-01  -5.0000000e-02  -1.5000000e-01  -1.5800000e-07   2.8000000e-08   8.1000000e-08
   4.5000000e-01   0.0000000e+00  -1.5000000e-01  -1.6300000e-07  -1.0000000e-09   9.2000000e-08
   4.5000000e-01   5.0000000e-02  -1.5000000e-01  -1.5500000e-07  -2.8000000e-08   9.7000000e-08
   4.5000000e-01   1.0000000e-01  -1.5000000e-01  -1.2700000e-07  -4.8000000e-08   7.4000000e-08
   4.5000000e-01   1.5000000e-01  -1.5000000e-01  -1.1500000e-07  -6.9000000e-08   7.3000000e-08
   5.0000000e-01  -1.5000000e-01  -1.5000000e-01  -9.7000000e-08   4.8000000e-08   4.8000000e-08
   5.0000000e-01  -1.0000000e-01  -1.5000000e-01  -1.1200000e-07   4.2000000e-08   6.0000000e-08
   5.0000000e-01  -5.0000000e-02  -1.5000000e-01  -1.2800000e-07   2.2000000e-08   6.3000000e-08
   5.0000000e-01   0.0000000e+00  -1.5000000e-01  -1.1500000e-07   0.0000000e+00   5.6000000e-08
   5.0000000e-01   5.0000000e-02  -1.5000000e-01  -1.2700000e-07  -2.2000000e-08   6.1000000e-08
   5.0000000e-01   1.0000000e-01  -1.5000000e-01  -1.0100000e-07  -3.3000000e-08   6.1000000e-08
   5.0000000e-01   1.5000000e-01  -1.5000000e-01  -9.9000000e-08  -5.1000000e-08   5.4000000e-08
   2.0000000e-01  -1.5000000e-01  -1.0000000e-01  -4.2700000e-07   6.4800000e-07   4.4500000e-07
   2.0000000e-01  -1.0000000e-01  -1.0000000e-01  -7.4600000e-07   6.1900000e-07   6.1700000e-07
   2.0000000e-01  -5.0000000e-02  -1.0000000e-01  -1.0880000e-06   3.9700000e-07   8.2800000e-07
   2.0000000e-01   0.0000000e+00  -1.0000000e-01  -1.1870000e-06  -2.0000000e-09   9.0500000e-07
   2.0000000e-01   5.0000000e-02  -1.0000000e-01  -1.0700000e-06  -4.1300000e-07   8.2200000e-07
   2.0000000e-01   1.0000000e-01  -1.0000000e-01  -7.3500000e-07  -6.5700000e-07   6.5400000e-07
   2.0000000e-01   1.5000000e-01  -1.0000000e-01  -4.1100000e-07  -6.3700000e-07   4.0900000e-07
   2.5000000e-01  -1.5000000e-01  -1.0000000e-01  -3.6400000e-07   3.9300000e-07   2.6800000e-07
   2.5000000e-01  -1.0000000e-01  -1.0000000e-01  -5.7000000e-07   3.7100000e-07   3.6400000e-07
   2.5000000e-01  -5.0000000e-02  -1.0000000e-01  -7.2200000e-07   2.2300000e-07   4.4800000e-07
   2.5000000e-01   0.0000000e+00  -1.0000000e-01  -7.9500000e-07  -1.2000000e-08   4.7500000e-07
   2.5000000e-01   5.0000000e-02  -1.0000000e-01  -7.4900000e-07  -2.0700000e-07   4.3500000e-07
   2.5000000e-01   1.0000000e-01  -1.0000000e-01  -5.5600000e-07  -3.6700000e-07   3.5700000e-07
   2.5000000e-01   1.5000000e-01  -1.0000000e-01  -3.4700000e-07  -4.0500000e-07   2.6700000e-07
   3.0000000e-01  -1.5000000e-01  -1.0000000e-01  -2.8800000e-07   2.4900000e-07   1.6800000e-07
   3.0000000e-01  -1.0000000e-01  -1.0000000e-01  -4.0300000e-07   2.1000000e-07   2.1400000e-07
   3.0000000e-01  -5.0000000e-02  -1.0000000e-01  -4.8300000e-07   1.4000000e-07   2.4900000e-07
   3.0000000e-01   0.0000000e+00  -1.0000000e-01  -5.3800000e-07  -3.0000000e-09   2.6600000e-07
   3.0000000e-01   5.0000000e-02  -1.0000000e-01  -4.8500000e-07  -1.0900000e-07   2.5600000e-07
   3.0000000e-01   1.0000000e-01  -1.0000000e-01  -4.0600000e-07  -2.1200000e-07   2.3800000e-07
   3.0000000e-01   1.5000000e-01  -1.0000000e-01  -2.8900000e-07  -2.4600000e-07   1.7000000e-07
   3.5000000e-01  -1.5000000e-01  -1.0000000e-01  -2.3600000e-07   1.7500000e-07   1.0300000e-07
   3.5000000e-01  -1.0000000e-01  -1.0000000e-01  -3.0400000e-07   1.4000000e-07   1.3600000e-07
   3.5000000e-01  -5.0000000e-02  -1.0000000e-01  -3.3500000e-07   8.6000000e-08   1.4800000e-07
   3.5000000e-01   0.0000000e+00  -1.0000000e-01  -3.5800000e-07   2.0000000e-09   1.6100000e-07
   3.5000000e-01   5.0000000e-02  -1.0000000e-01  -3.3500000e-07  -8.4000000e-08   1.5000000e-07
   3.5000000e-01   1.0000000e-01  -1.0000000e-01  -2.9900000e-07  -1.5700000e-07   1.3500000e-07
   3.5000000e-01   1.5000000e-01  -1.0000000e-01  -2.2400000e-07  -1.6900000e-07   1.0900000e-07
   4.0000000e-01  -1.5000000e-01  -1.0000000e-01  -1.7400000e-07   1.1900000e-07   7.0000000e-08
   4.0000000e-01  -1.0000000e-01  -1.0000000e-01  -2.1500000e-07   8.0000000e-08   8.7000000e-08
   4.0000000e-01  -5.0000000e-02  -1.0000000e-01  -2.4000000e-07   5.3000000e-08   1.0200000e-07
   4.0000000e-01   0.0000000e+00  -1.0000000e-01  -2.5600000e-07  -2.0000000e-09   1.1600000e-07
   4.0000000e-01   5.0000000e-02  -1.0000000e-01  -2.5300000e-07  -4.3000000e-08   1.0700000e-07
   4.0000000e-01   1.0000000e-01  -1.0000000e-01  -2.2400000e-07  -9.9000000e-08   9.3000000e-08
   4.0000000e-01   1.5000000e-01  -1.0000000e-01  -1.7300000e-07  -1.0600000e-07   7.5000000e-08
   4.5000000e-01  -1.5000000e-01  -1.0000000e-01  -1.2600000e-07   7.8000000e-08   5.8000000e-08
   4.5000000e-01  -1.0000000e-01  -1.0000000e-01  -1.6800000e-07   6.2000000e-08   6.1000000e-08
   4.5000000e-01  -5.0000000e-02  -1.0000000e-01  -1.7700000e-07   2.8000000e-08   7.0000000e-08
   4.5000000e-01   0.0000000e+00  -1.0000000e-01  -1.8200000e-07   1.0000000e-09   6.1000000e-08
   4.5000000e-01   5.0000000e-02  -1.0000000e-01  -1.7800000e-07  -3.1000000e-08   6.0000000e-08
   4.5000000e-01   1.0000000e-01  -1.0000000e-01  -1.6600000e-07  -6.4000000e-08   6.3000000e-08
   4.5000000e-01   1.5000000e-01  -1.0000000e-01  -1.3400000e-07  -6.9000000e-08   5.1000000e-08
   5.0000000e-01  -1.5000000e-01  -1.0000000e-01  -1.0000000e-07   5.8000000e-08   3.8000000e-08
   5.0000000e-01  -1.0000000e-01  -1.0000000e-01  -1.3200000e-07   3.6000000e-08   3.6000000e-08
   5.0000000e-01  -5.0000000e-02  -1.0000000e-01  -1.3900000e-07   2.3000000e-08   4.6000000e-08
   5.0000000e-01   0.0000000e+00  -1.0000000e-01  -1.3200000e-07   0.0000000e+00   4.6000000e-08
   5.0000000e-01   5.0000000e-02  -1.0000000e-01  -1.4200000e-07  -1.9000000e-08   4.1000000e-08
   5.0000000e-01   1.0000000e-01  -1.0000000e-01  -1.3300000e-07  -3.7000000e-08   3.8000000e-08
   5.0000000e-01   1.5000000e-01  -1.0000000e-01  -1.0700000e-07  -4.9000000e-08   4.1000000e-08
   2.0000000e-01  -1.5000000e-01  -5.0000000e-02  -5.7400000e-07   8.4100000e-07   2.6900000e-07
   2.0000000e-01  -1.0000000e-01  -5.0000000e-02  -1.0680000e-06   8.1900000e-07   4.1100000e-07
   2.0000000e-01  -5.0000000e-02  -5.0000000e-02  -1.5520000e-06   5.5600000e-07   5.5900000e-07
   2.0000000e-01   0.0000000e+00  -5.0000000e-02  -1.7600000e-06   1.2000000e-08   6.2200000e-07
   2.0000000e-01   5.0000000e-02  -5.0000000e-02  -1.6510000e-06  -5.5800000e-07   5.8200000e-07
   2.0000000e-01   1.0000000e-01  -5.0000000e-02  -1.0810000e-06  -8.6200000e-07   4.2400000e-07
   2.0000000e-01   1.5000000e-01  -5.0000000e-02  -5.5400000e-07  -8.0600000e-07   2.6300000e-07
   2.5000000e-01  -1.5000000e-01  -5.0000000e-02  -4.6100000e-07   4.7900000e-07   1.6700000e-07
   2.5000000e-01  -1.0000000e-01  -5.0000000e-02  -7.3200000e-07   4.4200000e-07   2.2300000e-07
   2.5000000e-01  -5.0000000e-02  -5.0000000e-02  -9.2600000e-07   2.7900000e-07   2.7300000e-07
   2.5000000e-01   0.0000000e+00  -5.0000000e-02  -1.0210000e-06  -8.0000000e-09   2.9100000e-07
   2.5000000e-01   5.0000000e-02  -5.0000000e-02  -9.3900000e-07  -2.6400000e-07   2.7500000e-07
   2.5000000e-01   1.0000000e-01  -5.0000000e-02  -7.3700000e-07  -4.7100000e-07   2.3500000e-07
   2.5000000e-01   1.5000000e-01  -5.0000000e-02  -4.3600000e-07  -4.7300000e-07   1.5600000e-07
   3.0000000e-01  -1.5000000e-01  -5.0000000e-02  -3.5900000e-07   2.9300000e-07   9.6000000e-08
   3.0000000e-01  -1.0000000e-01  -5.0000000e-02  -5.1700000e-07   2.6000000e-07   1.4400000e-07
   3.0000000e-01  -5.0000000e-02  -5.0000000e-02  -5.9200000e-07   1.6900000e-07   1.3600000e-07
   3.0000000e-01   0.0000000e+00  -5.0000000e-02  -6.3800000e-07  -4.0000000e-09   1.6600000e-07
   3.0000000e-01   5.0000000e-02  -5.0000000e-02  -5.9200000e-07  -1.4100000e-07   1.3300000e-07
   3.0000000e-01   1.0000000e-01  -5.0000000e-02  -4.8100000e-07  -2.6200000e-07   1.2500000e-07
   3.0000000e-01   1.5000000e-01  -5.0000000e-02  -3.5800000e-07  -2.9200000e-07   9.7000000e-08
   3.5000000e-01  -1.5000000e-01  -5.0000000e-02  -2.7600000e-07   1.8100000e-07   6.4000000e-08
   3.5000000e-01  -1.0000000e-01  -5.0000000e-02  -3.3800000e-07   1.7200000e-07   8.6000000e-08
   3.5000000e-01  -5.0000000e-02  -5.0000000e-02  -4.1800000e-07   8.6000000e-08   8.2000000e-08
   3.5000000e-01   0.0000000e+00  -5.0000000e-02  -4.2200000e-07   0.0000000e+00   8.3000000e-08
   3.5000000e-01   5.0000000e-02  -5.0000000e-02  -4.0300000e-07  -9.3000000e-08   8.2000000e-08
   3.5000000e-01   1.0000000e-01  -5.0000000e-02  -3.4100000e-07  -1.4400000e-07   8.4000000e-08
   3.5000000e-01   1.5000000e-01  -5.0000000e-02  -2.5700000e-07  -1.9100000e-07   6.5000000e-08
   4.0000000e-01  -1.5000000e-01  -5.0000000e-02  -2.0200000e-07   1.3300000e-07   4.5000000e-08
   4.0000000e-01  -1.0000000e-01  -5.0000000e-02  -2.5500000e-07   9.5000000e-08   4.2000000e-08
   4.0000000e-01  -5.0000000e-02  -5.0000000e-02  -2.8600000e-07   6.2000000e-08   5.2000000e-08
   4.0000000e-01   0.0000000e+00  -5.0000000e-02  -3.0300000e-07  -1.0000000e-09   5.5000000e-08
   4.0000000e-01   5.0000000e-02  -5.0000000e-02  -2.8400000e-07  -6.1000000e-08   4.9000000e-08
   4.0000000e-01   1.0000000e-01  -5.0000000e-02  -2.4600000e-07  -8.8000000e-08   4.4000000e-08
   4.0000000e-01   1.5000000e-01  -5.0000000e-02  -1.9700000e-07  -1.2700000e-07   3.7000000e-08
   4.5000000e-01  -1.5000000e-01  -5.0000000e-02  -1.5200000e-07   7.6000000e-08   3.0000000e-08
   4.5000000e-01  -1.0000000e-01  -5.0000000e-02  -1.8200000e-07   6.5000000e-08   3.2000000e-08
   4.5000000e-01  -5.0000000e-02  -5.0000000e-02  -1.9800000e-07   3.3000000e-08   3.1000000e-08
   4.5000000e-01   0.0000000e+00  -5.0000000e-02  -2.1300000e-07  -1.0000000e-09   3.4000000e-08
   4.5000000e-01   5.0000000e-02  -5.0000000e-02  -1.9800000e-07  -3.8000000e-08   3.3000000e-08
   4.5000000e-01   1.0000000e-01  -5.0000000e-02  -1.8300000e-07  -7.2000000e-08   3.6000000e-08
   4.5000000e-01   1.5000000e-01  -5.0000000e-02  -1.5000000e-07  -9.2000000e-08   2.6000000e-08
   5.0000000e-01  -1.5000000e-01  -5.0000000e-02  -1.1100000e-07   6.5000000e-08   2.1000000e-08
   5.0000000e-01  -1.0000000e-01  -5.0000000e-02  -1.4400000e-07   4.4000000e-08   2.1000000e-08
   5.0000000e-01  -5.0000000e-02  -5.0000000e-02  -1.4800000e-07   2.1000000e-08   2.4000000e-08
   5.0000000e-01   0.0000000e+00  -5.0000000e-02  -1.5700000e-07   0.0000000e+00   2.7000000e-08
   5.0000000e-01   5.0000000e-02  -5.0000000e-02  -1.5400000e-07  -2.6000000e-08   2.1000000e-08
   5.0000000e-01   1.0000000e-01  -5.0000000e-02  -1.4600000e-07  -4.9000000e-08   2.3000000e-08
   5.0000000e-01   1.5000000e-01  -5.0000000e-02  -1.1300000e-07  -5.5000000e-08   2.2000000e-08
   2.0000000e-01  -1.5000000e-01   0.0000000e+00  -6.5600000e-07   8.5400000e-07  -1.0000000e-09
   2.0000000e-01  -1.0000000e-01   0.0000000e+00  -1.2210000e-06   9.4300000e-07  -1.1000000e-08
   2.0000000e-01  -5.0000000e-02   0.0000000e+00  -1.7510000e-06   6.1200000e-07   1.3000000e-08
   2.0000000e-01   0.0000000e+00   0.0000000e+00  -2.1000000e-06  -2.7000000e-08  -8.0000000e-09
   2.0000000e-01   5.0000000e-02   0.0000000e+00  -1.8080000e-06  -6.4200000e-07   8.0000000e-09
   2.0000000e-01   1.0000000e-01   0.0000000e+00  -1.2030000e-06  -8.9300000e-07   5.0000000e-09
   2.0000000e-01   1.5000000e-01   0.0000000e+00  -6.0400000e-07  -8.2800000e-07  -2.1000000e-08
   2.5000000e-01  -1.5000000e-01   0.0000000e+00  -5.4100000e-07   5.1300000e-07   6.0000000e-09
   2.5000000e-01  -1.0000000e-01   0.0000000e+00  -7.6500000e-07   4.7700000e-07   0.0000000e+00
   2.5000000e-01  -5.0000000e-02   0.0000000e+00  -1.0170000e-06   2.8200000e-07  -3.0000000e-09
   2.5000000e-01   0.0000000e+00   0.0000000e+00  -1.1820000e-06  -2.0000000e-09   4.0000000e-09
   2.5000000e-01   5.0000000e-02   0.0000000e+00  -1.0550000e-06  -2.9400000e-07  -7.0000000e-09
   2.5000000e-01   1.0000000e-01   0.0000000e+00  -7.8300000e-07  -4.6500000e-07   1.2000000e-08
   2.5000000e-01   1.5000000e-01   0.0000000e+00  -5.0700000e-07  -5.2500000e-07   3.0000000e-09
   3.0000000e-01  -1.5000000e-01   0.0000000e+00  -3.8200000e-07   3.0500000e-07   3.0000000e-09
   3.0000000e-01  -1.0000000e-01   0.0000000e+00  -5.0100000e-07   2.6000000e-07   3.0000000e-09
   3.0000000e-01  -5.0000000e-02   0.0000000e+00  -6.7000000e-07   1.5900000e-07   2.0000000e-09
   3.0000000e-01   0.0000000e+00   0.0000000e+00  -6.8500000e-07  -1.0000000e-08  -3.0000000e-09
   3.0000000e-01   5.0000000e-02   0.0000000e+00  -6.2800000e-07  -1.5700000e-07   2.0000000e-09
   3.0000000e-01   1.0000000e-01   0.0000000e+00  -5.3400000e-07  -2.7400000e-07  -5.0000000e-09
   3.0000000e-01   1.5000000e-01   0.0000000e+00  -3.6700000e-07  -3.1500000e-07   2.0000000e-09
   3.5000000e-01  -1.5000000e-01   0.0000000e+00  -2.7600000e-07   1.8900000e-07  -2.0000000e-09
   3.5000000e-01  -1.0000000e-01   0.0000000e+00  -3.7400000e-07   1.5700000e-07  -2.0000000e-09
   3.5000000e-01  -5.0000000e-02   0.0000000e+00  -4.4000000e-07   9.0000000e-08   0.0000000e+00
   3.5000000e-01   0.0000000e+00   0.0000000e+00  -4.5000000e-07   3.0814879e-42  -2.0000000e-09
   3.5000000e-01   5.0000000e-02   0.0000000e+00  -4.1600000e-07  -1.0600000e-07  -1.0000000e-09
   3.5000000e-01   1.0000000e-01   0.0000000e+00  -3.6300000e-07  -1.5800000e-07  -3.7192471e-24
   3.5000000e-01   1.5000000e-01   0.0000000e+00  -2.9200000e-07  -1.9600000e-07   2.0000000e-09
   4.0000000e-01  -1.5000000e-01   0.0000000e+00  -2.1600000e-07   1.3700000e-07   1.0000000e-09
   4.0000000e-01  -1.0000000e-01   0.0000000e+00  -2.5400000e-07   1.1400000e-07   1.0000000e-09
   4.0000000e-01  -5.0000000e-02   0.0000000e+00  -2.9900000e-07   5.7000000e-08  -1.0000000e-09
   4.0000000e-01   0.0000000e+00   0.0000000e+00  -3.0300000e-07   2.0000000e-09  -2.0000000e-09
   4.0000000e-01   5.0000000e-02   0.0000000e+00  -3.0100000e-07  -6.2000000e-08  -1.0000000e-09
   4.0000000e-01   1.0000000e-01   0.0000000e+00  -2.5300000e-07  -1.1200000e-07   1.0000000e-09
   4.0000000e-01   1.5000000e-01   0.0000000e+00  -2.1900000e-07  -1.3900000e-07   1.0000000e-09
   4.5000000e-01  -1.5000000e-01   0.0000000e+00  -1.5400000e-07   9.9000000e-08   2.0000000e-09
   4.5000000e-01  -1.0000000e-01   0.0000000e+00  -1.9300000e-07   5.9000000e-08   0.0000000e+00
   4.5000000e-01  -5.0000000e-02   0.0000000e+00  -2.1400000e-07   3.5000000e-08  -1.1102230e-24
   4.5000000e-01   0.0000000e+00   0.0000000e+00  -2.1800000e-07   0.0000000e+00  -2.0000000e-09
   4.5000000e-01   5.0000000e-02   0.0000000e+00  -2.0700000e-07  -3.8000000e-08   1.1102230e-24
   4.5000000e-01   1.0000000e-01   0.0000000e+00  -1.9500000e-07  -7.7000000e-08  -1.0000000e-09
   4.5000000e-01   1.5000000e-01   0.0000000e+00  -1.6500000e-07  -8.8000000e-08  -1.0000000e-09
   5.0000000e-01  -1.5000000e-01   0.0000000e+00  -1.1400000e-07   6.2000000e-08  -1.1657342e-24
   5.0000000e-01  -1.0000000e-01   0.0000000e+00  -1.2600000e-07   4.5000000e-08   0.0000000e+00
   5.0000000e-01  -5.0000000e-02   0.0000000e+00  -1.5000000e-07   2.7000000e-08  -1.0000000e-09
   5.0000000e-01   0.0000000e+00   0.0000000e+00  -1.6400000e-07   0.0000000e+00   0.0000000e+00
   5.0000000e-01   5.0000000e-02   0.0000000e+00  -1.6000000e-07  -2.2000000e-08   1.0000000e-09
   5.0000000e-01   1.0000000e-01   0.0000000e+00  -1.3600000e-07  -4.4000000e-08  -4.0675640e-39
   5.0000000e-01   1.5000000e-01   0.0000000e+00  -1.2600000e-07  -6.1000000e-08   0.0000000e+00
   2.0000000e-01  -1.5000000e-01   5.0000000e-02  -5.9900000e-07   7.9600000e-07  -2.7100000e-07
   2.0000000e-01  -1.0000000e-01   5.0000000e-02  -1.0390000e-06   8.2700000e-07  -3.9500000e-07
   2.0000000e-01  -5.0000000e-02   5.0000000e-02  -1.5800000e-06   5.8600000e-07  -5.6800000e-07
   2.0000000e-01   0.0000000e+00   5.0000000e-02  -1.7850000e-06  -3.9000000e-08  -5.9500000e-07
   2.0000000e-01   5.0000000e-02   5.0000000e-02  -1.5700000e-06  -5.6500000e-07  -5.5400000e-07
   2.0000000e-01   1.0000000e-01   5.0000000e-02  -1.0790000e-06  -8.2700000e-07  -3.9500000e-07
   2.0000000e-01   1.5000000e-01   5.0000000e-02  -5.5900000e-07  -7.9500000e-07  -2.6300000e-07
   2.5000000e-01  -1.5000000e-01   5.0000000e-02  -4.7900000e-07   4.7000000e-07  -1.5900000e-07
   2.5000000e-01  -1.0000000e-01   5.0000000e-02  -6.9900000e-07   4.4900000e-07  -2.2900000e-07
   2.5000000e-01  -5.0000000e-02   5.0000000e-02  -9.4700000e-07   2.7600000e-07  -2.7400000e-07
   2.5000000e-01   0.0000000e+00   5.0000000e-02  -1.0120000e-06   3.0000000e-09  -2.9700000e-07
   2.5000000e-01   5.0000000e-02   5.0000000e-02  -9.6200000e-07  -2.7100000e-07  -2.5900000e-07
   2.5000000e-01   1.0000000e-01   5.0000000e-02  -7.3000000e-07  -4.4600000e-07  -2.2500000e-07
   2.5000000e-01   1.5000000e-01   5.0000000e-02  -4.7200000e-07  -4.7600000e-07  -1.5700000e-07
   3.0000000e-01  -1.5000000e-01   5.0000000e-02  -3.4400000e-07   2.8600000e-07  -1.1400000e-07
   3.0000000e-01  -1.0000000e-01   5.0000000e-02  -4.7900000e-07   2.4700000e-07  -1.3300000e-07
   3.0000000e-01  -5.0000000e-02   5.0000000e-02  -5.9500000e-07   1.5400000e-07  -1.5300000e-07
   3.0000000e-01   0.0000000e+00   5.0000000e-02  -6.3600000e-07  -1.0000000e-09  -1.5700000e-07
   3.0000000e-01   5.0000000e-02   5.0000000e-02  -6.2300000e-07  -1.5500000e-07  -1.4800000e-07
   3.0000000e-01   1.0000000e-01   5.0000000e-02  -4.9200000e-07  -2.5300000e-07  -1.3400000e-07
   3.0000000e-01   1.5000000e-01   5.0000000e-02  -3.5700000e-07  -2.9400000e-07  -9.2000000e-08
   3.5000000e-01  -1.5000000e-01   5.0000000e-02  -2.5900000e-07   1.9000000e-07  -6.6000000e-08
   3.5000000e-01  -1.0000000e-01   5.0000000e-02  -3.3000000e-07   1.5500000e-07  -8.4000000e-08
   3.5000000e-01  -5.0000000e-02   5.0000000e-02  -4.1300000e-07   8.8000000e-08  -8.6000000e-08
   3.5000000e-01   0.0000000e+00   5.0000000e-02  -4.1100000e-07  -1.0000000e-09  -1.0100000e-07
   3.5000000e-01   5.0000000e-02   5.0000000e-02  -4.0700000e-07  -9.6000000e-08  -9.9000000e-08
   3.5000000e-01   1.0000000e-01   5.0000000e-02  -3.4500000e-07  -1.5200000e-07  -7.1000000e-08
   3.5000000e-01   1.5000000e-01   5.0000000e-02  -2.7100000e-07  -1.9100000e-07  -6.5000000e-08
   4.0000000e-01  -1.5000000e-01   5.0000000e-02  -2.0200000e-07   1.3100000e-07  -4.5000000e-08
   4.0000000e-01  -1.0000000e-01   5.0000000e-02  -2.4300000e-07   9.5000000e-08  -5.4000000e-08
   4.0000000e-01  -5.0000000e-02   5.0000000e-02  -2.8400000e-07   6.1000000e-08  -5.6000000e-08
   4.0000000e-01   0.0000000e+00   5.0000000e-02  -2.8700000e-07  -1.0000000e-09  -5.3000000e-08
   4.0000000e-01   5.0000000e-02   5.0000000e-02  -2.8600000e-07  -5.8000000e-08  -5.8000000e-08
   4.0000000e-01   1.0000000e-01   5.0000000e-02  -2.4600000e-07  -9.8000000e-08  -5.1000000e-08
   4.0000000e-01   1.5000000e-01   5.0000000e-02  -1.9500000e-07  -1.3600000e-07  -4.3000000e-08
   4.5000000e-01  -1.5000000e-01   5.0000000e-02  -1.5400000e-07   9.6000000e-08  -3.1000000e-08
   4.5000000e-01  -1.0000000e-01   5.0000000e-02  -1.8600000e-07   6.1000000e-08  -3.6000000e-08
   4.5000000e-01  -5.0000000e-02   5.0000000e-02  -2.0500000e-07   3.0000000e-08  -3.8000000e-08
   4.5000000e-01   0.0000000e+00   5.0000000e-02  -2.1400000e-07  -1.0000000e-09  -4.1000000e-08
   4.5000000e-01   5.0000000e-02   5.0000000e-02  -1.9700000e-07  -4.0000000e-08  -3.8000000e-08
   4.5000000e-01   1.0000000e-01   5.0000000e-02  -1.8200000e-07  -6.9000000e-08  -3.0000000e-08
   4.5000000e-01   1.5000000e-01   5.0000000e-02  -1.6000000e-07  -8.8000000e-08  -2.7000000e-08
   5.0000000e-01  -1.5000000e-01   5.0000000e-02  -1.0800000e-07   5.5000000e-08  -2.2000000e-08
   5.0000000e-01  -1.0000000e-01   5.0000000e-02  -1.3800000e-07   4.4000000e-08  -2.0000000e-08
   5.0000000e-01  -5.0000000e-02   5.0000000e-02  -1.5400000e-07   2.3000000e-08  -2.6000000e-08
   5.0000000e-01   0.0000000e+00   5.0000000e-02  -1.5400000e-07   0.0000000e+00  -2.3000000e-08
   5.0000000e-01   5.0000000e-02   5.0000000e-02  -1.5300000e-07  -2.7000000e-08  -2.6000000e-08
   5.0000000e-01   1.0000000e-01   5.0000000e-02  -1.4200000e-07  -4.9000000e-08  -2.2000000e-08
   5.0000000e-01   1.5000000e-01   5.0000000e-02  -1.1300000e-07  -6.6000000e-08  -1.9000000e-08
   2.0000000e-01  -1.5000000e-01   1.0000000e-01  -4.1600000e-07   6.3500000e-07  -4.1800000e-07
   2.0000000e-01  -1.0000000e-01   1.0000000e-01  -7.7000000e-07   6.6200000e-07  -6.4100000e-07
   2.0000000e-01  -5.0000000e-02   1.0000000e-01  -1.0740000e-06   4.0900000e-07  -8.4000000e-07
   2.0000000e-01   0.0000000e+00   1.0000000e-01  -1.2220000e-06  -7.0000000e-09  -9.0300000e-07
   2.0000000e-01   5.0000000e-02   1.0000000e-01  -1.0960000e-06  -4.1300000e-07  -8.1400000e-07
   2.0000000e-01   1.0000000e-01   1.0000000e-01  -7.4100000e-07  -6.3800000e-07  -6.2200000e-07
   2.0000000e-01   1.5000000e-01   1.0000000e-01  -3.9300000e-07  -6.6300000e-07  -4.2200000e-07
   2.5000000e-01  -1.5000000e-01   1.0000000e-01  -3.4400000e-07   4.0700000e-07  -2.5400000e-07
   2.5000000e-01  -1.0000000e-01   1.0000000e-01  -5.4100000e-07   3.7800000e-07  -3.6800000e-07
   2.5000000e-01  -5.0000000e-02   1.0000000e-01  -6.9000000e-07   2.1700000e-07  -4.1100000e-07
   2.5000000e-01   0.0000000e+00   1.0000000e-01  -7.4700000e-07   3.0000000e-09  -4.9200000e-07
   2.5000000e-01   5.0000000e-02   1.0000000e-01  -7.0100000e-07  -2.2900000e-07  -4.4200000e-07
   2.5000000e-01   1.0000000e-01   1.0000000e-01  -5.5100000e-07  -3.9100000e-07  -3.7800000e-07
   2.5000000e-01   1.5000000e-01   1.0000000e-01  -3.4000000e-07  -3.9200000e-07  -2.6600000e-07
   3.0000000e-01  -1.5000000e-01   1.0000000e-01  -3.0500000e-07   2.5400000e-07  -1.7100000e-07
   3.0000000e-01  -1.0000000e-01   1.0000000e-01  -4.0400000e-07   2.2500000e-07  -2.1900000e-07
   3.0000000e-01  -5.0000000e-02   1.0000000e-01  -5.0900000e-07   1.3700000e-07  -2.5500000e-07
   3.0000000e-01   0.0000000e+00   1.0000000e-01  -5.0600000e-07  -7.0000000e-09  -2.6300000e-07
   3.0000000e-01   5.0000000e-02   1.0000000e-01  -4.7200000e-07  -1.2000000e-07  -2.5800000e-07
   3.0000000e-01   1.0000000e-01   1.0000000e-01  -3.9300000e-07  -2.1100000e-07  -2.0800000e-07
   3.0000000e-01   1.5000000e-01   1.0000000e-01  -2.9300000e-07  -2.5700000e-07  -1.7100000e-07
   3.5000000e-01  -1.5000000e-01   1.0000000e-01  -2.2400000e-07   1.5900000e-07  -1.2400000e-07
   3.5000000e-01  -1.0000000e-01   1.0000000e-01  -2.9000000e-07   1.5400000e-07  -1.3800000e-07
   3.5000000e-01  -5.0000000e-02   1.0000000e-01  -3.3900000e-07   7.9000000e-08  -1.4700000e-07
   3.5000000e-01   0.0000000e+00   1.0000000e-01  -3.5000000e-07   1.6653345e-24  -1.5500000e-07
   3.5000000e-01   5.0000000e-02   1.0000000e-01  -3.5600000e-07  -7.5000000e-08  -1.4900000e-07
   3.5000000e-01   1.0000000e-01   1.0000000e-01  -2.8700000e-07  -1.2100000e-07  -1.2700000e-07
   3.5000000e-01   1.5000000e-01   1.0000000e-01  -2.3100000e-07  -1.6400000e-07  -1.1300000e-07
   4.0000000e-01  -1.5000000e-01   1.0000000e-01  -1.8300000e-07   1.2400000e-07  -8.2000000e-08
   4.0000000e-01  -1.0000000e-01   1.0000000e-01  -2.2900000e-07   1.0300000e-07  -9.3000000e-08
   4.0000000e-01  -5.0000000e-02   1.0000000e-01  -2.5600000e-07   4.5000000e-08  -9.2000000e-08
   4.0000000e-01   0.0000000e+00   1.0000000e-01  -2.6400000e-07  -1.0000000e-09  -9.6000000e-08
   4.0000000e-01   5.0000000e-02   1.0000000e-01  -2.4100000e-07  -5.4000000e-08  -1.0100000e-07
   4.0000000e-01   1.0000000e-01   1.0000000e-01  -2.1400000e-07  -8.7000000e-08  -8.3000000e-08
   4.0000000e-01   1.5000000e-01   1.0000000e-01  -1.7500000e-07  -1.1300000e-07  -7.5000000e-08
   4.5000000e-01  -1.5000000e-01   1.0000000e-01  -1.4100000e-07   9.1000000e-08  -5.6000000e-08
   4.5000000e-01  -1.0000000e-01   1.0000000e-01  -1.6300000e-07   5.3000000e-08  -5.9000000e-08
   4.5000000e-01  -5.0000000e-02   1.0000000e-01  -1.7800000e-07   2.7000000e-08  -5.7000000e-08
   4.5000000e-01   0.0000000e+00   1.0000000e-01  -1.9500000e-07  -5.9164568e-39  -7.1000000e-08
   4.5000000e-01   5.0000000e-02   1.0000000e-01  -1.7700000e-07  -3.0000000e-08  -6.4000000e-08
   4.5000000e-01   1.0000000e-01   1.0000000e-01  -1.7100000e-07  -6.8000000e-08  -6.1000000e-08
   4.5000000e-01   1.5000000e-01   1.0000000e-01  -1.3200000e-07  -9.2000000e-08  -5.9000000e-08
   5.0000000e-01  -1.5000000e-01   1.0000000e-01  -1.1900000e-07   5.1000000e-08  -3.8000000e-08
   5.0000000e-01  -1.0000000e-01   1.0000000e-01  -1.2500000e-07   4.7000000e-08  -3.7000000e-08
   5.0000000e-01  -5.0000000e-02   1.0000000e-01  -1.3600000e-07   2.2000000e-08  -4.3000000e-08
   5.0000000e-01   0.0000000e+00   1.0000000e-01  -1.2700000e-07  -5.5511151e-25  -4.2000000e-08
   5.0000000e-01   5.0000000e-02   1.0000000e-01  -1.3200000e-07  -1.9000000e-08  -4.3000000e-08
   5.0000000e-01   1.0000000e-01   1.0000000e-01  -1.3400000e-07  -3.6000000e-08  -4.1000000e-08
   5.0000000e-01   1.5000000e-01   1.0000000e-01  -1.0500000e-07  -5.5000000e-08  -3.4000000e-08
   2.0000000e-01  -1.5000000e-01   1.5000000e-01  -2.0800000e-07   4.5100000e-07  -4.4400000e-07
   2.0000000e-01  -1.0000000e-01   1.5000000e-01  -3.9500000e-07   4.3900000e-07  -6.6300000e-07
   2.0000000e-01  -5.0000000e-02   1.5000000e-01  -5.9300000e-07   2.7200000e-07  -8.2600000e-07
   2.0000000e-01   0.0000000e+00   1.5000000e-01  -6.6800000e-07   1.0000000e-08  -8.8000000e-07
   2.0000000e-01   5.0000000e-02   1.5000000e-01  -5.6500000e-07  -2.7700000e-07  -8.4500000e-07
   2.0000000e-01   1.0000000e-01   1.5000000e-01  -4.1400000e-07  -4.3200000e-07  -6.0500000e-07
   2.0000000e-01   1.5000000e-01   1.5000000e-01  -2.1000000e-07  -4.4700000e-07  -4.4100000e-07
   2.5000000e-01  -1.5000000e-01   1.5000000e-01  -2.3500000e-07   3.1100000e-07  -3.0000000e-07
   2.5000000e-01  -1.0000000e-01   1.5000000e-01  -3.6100000e-07   2.6800000e-07  -4.0100000e-07
   2.5000000e-01  -5.0000000e-02   1.5000000e-01  -4.6100000e-07   1.8000000e-07  -4.5000000e-07
   2.5000000e-01   0.0000000e+00   1.5000000e-01  -5.2100000e-07   0.0000000e+00  -5.0200000e-07
   2.5000000e-01   5.0000000e-02   1.5000000e-01  -4.5200000e-07  -1.5500000e-07  -4.8700000e-07
   2.5000000e-01   1.0000000e-01   1.5000000e-01  -3.5000000e-07  -2.6300000e-07  -3.8200000e-07
   2.5000000e-01   1.5000000e-01   1.5000000e-01  -2.4400000e-07  -3.1400000e-07  -3.0400000e-07
   3.0000000e-01  -1.5000000e-01   1.5000000e-01  -2.1400000e-07   2.0400000e-07  -2.0800000e-07
   3.0000000e-01  -1.0000000e-01   1.5000000e-01  -3.0600000e-07   1.7700000e-07  -2.4500000e-07
   3.0000000e-01  -5.0000000e-02   1.5000000e-01  -3.6400000e-07   8.6000000e-08  -2.9400000e-07
   3.0000000e-01   0.0000000e+00   1.5000000e-01  -3.8800000e-07  -5.0000000e-09  -3.0000000e-07
   3.0000000e-01   5.0000000e-02   1.5000000e-01  -3.5500000e-07  -9.2000000e-08  -2.9400000e-07
   3.0000000e-01   1.0000000e-01   1.5000000e-01  -2.8300000e-07  -1.7700000e-07  -2.6000000e-07
   3.0000000e-01   1.5000000e-01   1.5000000e-01  -2.1800000e-07  -1.9500000e-07  -2.0500000e-07
   3.5000000e-01  -1.5000000e-01   1.5000000e-01  -1.7900000e-07   1.5200000e-07  -1.4500000e-07
   3.5000000e-01  -1.0000000e-01   1.5000000e-01  -2.2600000e-07   1.0100000e-07  -1.6800000e-07
   3.5000000e-01  -5.0000000e-02   1.5000000e-01  -2.6300000e-07   6.0000000e-08  -1.8300000e-07
   3.5000000e-01   0.0000000e+00   1.5000000e-01  -2.8300000e-07   3.0000000e-09  -1.9900000e-07
   3.5000000e-01   5.0000000e-02   1.5000000e-01  -2.7500000e-07  -5.6000000e-08  -1.9200000e-07
   3.5000000e-01   1.0000000e-01   1.5000000e-01  -2.3000000e-07  -1.0700000e-07  -1.6300000e-07
   3.5000000e-01   1.5000000e-01   1.5000000e-01  -1.8600000e-07  -1.6200000e-07  -1.3400000e-07
   4.0000000e-01  -1.5000000e-01   1.5000000e-01  -1.4600000e-07   9.1000000e-08  -1.0400000e-07
   4.0000000e-01  -1.0000000e-01   1.5000000e-01  -1.8500000e-07   7.6000000e-08  -1.2700000e-07
   4.0000000e-01  -5.0000000e-02   1.5000000e-01  -2.0800000e-07   4.6000000e-08  -1.3600000e-07
   4.0000000e-01   0.0000000e+00   1.5000000e-01  -2.1700000e-07   1.0000000e-09  -1.2900000e-07
   4.0000000e-01   5.0000000e-02   1.5000000e-01  -2.0300000e-07  -3.9000000e-08  -1.3100000e-07
   4.0000000e-01   1.0000000e-01   1.5000000e-01  -1.7200000e-07  -8.2000000e-08  -1.2200000e-07
   4.0000000e-01   1.5000000e-01   1.5000000e-01  -1.4300000e-07  -8.9000000e-08  -9.9000000e-08
   4.5000000e-01  -1.5000000e-01   1.5000000e-01  -1.1900000e-07   7.3000000e-08  -7.2000000e-08
   4.5000000e-01  -1.0000000e-01   1.5000000e-01  -1.3300000e-07   5.7000000e-08  -7.7000000e-08
   4.5000000e-01  -5.0000000e-02   1.5000000e-01  -1.5900000e-07   3.0000000e-08  -7.8000000e-08
   4.5000000e-01   0.0000000e+00   1.5000000e-01  -1.5900000e-07  -1.1102230e-24  -8.6000000e-08
   4.5000000e-01   5.0000000e-02   1.5000000e-01  -1.5800000e-07  -3.3000000e-08  -9.0000000e-08
   4.5000000e-01   1.0000000e-01   1.5000000e-01  -1.3000000e-07  -5.4000000e-08  -8.3000000e-08
   4.5000000e-01   1.5000000e-01   1.5000000e-01  -1.0700000e-07  -7.7000000e-08  -6.2000000e-08
   5.0000000e-01  -1.5000000e-01   1.5000000e-01  -9.5000000e-08   5.7000000e-08  -5.2000000e-08
   5.0000000e-01  -1.0000000e-01   1.5000000e-01  -1.1800000e-07   4.2000000e-08  -5.4000000e-08
   5.0000000e-01  -5.0000000e-02   1.5000000e-01  -1.1400000e-07   1.7000000e-08  -6.6000000e-08
   5.0000000e-01   0.0000000e+00   1.5000000e-01  -1.2900000e-07  -1.0000000e-09  -5.5000000e-08
   5.0000000e-01   5.0000000e-02   1.5000000e-01  -1.2000000e-07  -2.2000000e-08  -6.1000000e-08
   5.0000000e-01   1.0000000e-01   1.5000000e-01  -1.1800000e-07  -4.0000000e-08  -5.2000000e-08
   5.0000000e-01   1.5000000e-01   1.5000000e-01  -9.0000000e-08  -5.7000000e-08  -5.3000000e-08
